-43.064
-43.063
-43.065
-43.06
-43.058
-43.058
-43.062
-43.071
-43.08
-43.085
-43.077
-43.06
-43.032
-43.001
-42.974
-42.952
-42.944
-42.944
-42.955
-42.971
-42.988
-43
-43.004
-42.988
-42.971
-42.942
-42.92
-42.909
-42.905
-42.911
-42.918
-42.922
-42.925
-42.925
-42.922
-42.909
-42.893
-42.871
-42.863
-42.852
-42.854
-42.865
-42.886
-42.91
-42.925
-42.926
-42.923
-42.908
-42.894
-42.874
-42.859
-42.852
-42.851
-42.866
-42.89
-42.917
-42.938
-42.949
-42.945
-42.939
-42.929
-42.916
-42.912
-42.915
-42.932
-42.957
-42.99
-43.019
-43.045
-43.054
-43.041
-43.01
-42.963
-42.911
-42.854
-42.818
-42.804
-42.802
-42.815
-42.84
-42.874
-42.911
-42.947
-42.974
-42.98
-42.98
-42.972
-42.956
-42.944
-42.937
-42.938
-42.947
-42.959
-42.973
-42.977
-42.979
-42.976
-42.959
-42.939
-42.923
-42.914
-42.914
-42.925
-42.938
-42.946
-42.946
-42.948
-42.941
-42.944
-42.958
-42.973
-42.996
-43.014
-43.038
-43.054
-43.078
-43.09
-43.091
-43.084
-43.072
-43.045
-43.023
-43.015
-43.052
-43.13
-43.237
-43.381
-43.544
-43.699
-43.806
-43.847
-43.803
-43.702
-43.606
-43.549
-43.582
-43.736
-44.026
-44.446
-45.032
-45.571
-45.906
-46.144
-46.201
-46.063
-45.763
-45.374
-44.974
-44.596
-44.462
-44.575
-44.958
-45.595
-46.394
-47.335
-48.399
-49.626
-50.675
-51.41
-52.147
-52.723
-53.232
-53.661
-54.026
-54.364
-54.554
-54.637
-54.66
-54.699
-54.552
-54.421
-54.256
-53.938
-53.596
-53.3
-52.96
-52.525
-52.135
-51.694
-51.256
-50.781
-50.217
-49.728
-49.315
-48.877
-48.448
-48.017
-47.586
-47.185
-46.708
-46.278
-45.945
-45.588
-45.266
-44.971
-44.731
-44.522
-44.304
-44.141
-44.017
-43.887
-43.766
-43.644
-43.52
-43.4
-43.272
-43.174
-43.107
-43.055
-43.027
-43.006
-42.995
-42.988
-42.98
-42.949
-42.91
-42.862
-42.809
-42.765
-42.735
-42.726
-42.732
-42.759
-42.79
-42.818
-42.845
-42.86
-42.862
-42.852
-42.824
-42.792
-42.767
-42.757
-42.76
-42.77
-42.792
-42.81
-42.825
-42.825
-42.807
-42.784
-42.756
-42.719
-42.682
-42.65
-42.628
-42.61
-42.601
-42.596
-42.595
-42.587
-42.58
-42.581
-42.58
-42.582
-42.593
-42.604
-42.62
-42.642
-42.659
-42.679
-42.692
-42.693
-42.684
-42.664
-42.64
-42.617
-42.599
-42.594
-42.599
-42.611
-42.626
-42.638
-42.653
-42.661
-42.662
-42.652
-42.642
-42.629
-42.629
-42.635
-42.645
-42.656
-42.667
-42.669
-42.665
-42.65
-42.631
-42.605
-42.577
-42.551
-42.53
-42.517
-42.517
-42.535
-42.551
-42.572
-42.582
-42.569
-42.549
-42.52
-42.492
-42.473
-42.469
-42.475
-42.487
-42.515
-42.546
-42.584
-42.598
-42.597
-42.585
-42.564
-42.542
-42.526
-42.517
-42.524
-42.54
-42.564
-42.603
-42.646
-42.683
-42.708
-42.71
-42.685
-42.648
-42.601
-42.557
-42.522
-42.503
-42.497
-42.5
-42.51
-42.523
-42.543
-42.565
-42.578
-42.588
-42.59
-42.587
-42.586
-42.582
-42.582
-42.582
-42.582
-42.584
-42.577
-42.565
-42.554
-42.541
-42.528
-42.514
-42.509
-42.509
-42.521
-42.542
-42.558
-42.574
-42.577
-42.573
-42.564
-42.565
-42.575
-42.6
-42.624
-42.661
-42.7
-42.73
-42.755
-42.765
-42.748
-42.714
-42.673
-42.628
-42.58
-42.539
-42.509
-42.498
-42.503
-42.514
-42.53
-42.552
-42.569
-42.578
-42.58
-42.572
-42.561
-42.545
-42.541
-42.541
-42.554
-42.571
-42.589
-42.606
-42.619
-42.62
-42.616
-42.599
-42.58
-42.558
-42.545
-42.54
-42.544
-42.568
-42.599
-42.619
-42.634
-42.639
-42.63
-42.615
-42.596
-42.576
-42.563
-42.564
-42.563
-42.566
-42.571
-42.581
-42.582
-42.581
-42.575
-42.563
-42.558
-42.559
-42.56
-42.568
-42.581
-42.601
-42.612
-42.621
-42.625
-42.612
-42.591
-42.565
-42.533
-42.506
-42.489
-42.48
-42.48
-42.486
-42.491
-42.489
-42.483
-42.477
-42.47
-42.473
-42.48
-42.491
-42.507
-42.53
-42.549
-42.564
-42.58
-42.586
-42.572
-42.55
-42.516
-42.478
-42.439
-42.409
-42.389
-42.389
-42.404
-42.427
-42.454
-42.48
-42.498
-42.504
-42.484
-42.444
-42.423
-42.399
-42.385
-42.385
-42.389
-42.405
-42.425
-42.442
-42.446
-42.442
-42.434
-42.417
-42.402
-42.381
-42.366
-42.364
-42.371
-42.39
-42.409
-42.429
-42.438
-42.432
-42.413
-42.401
-42.389
-42.38
-42.379
-42.392
-42.401
-42.416
-42.426
