1550
1550.01
1550.02
1550.03
1550.04
1550.05
1550.06
1550.07
1550.08
1550.09
1550.1
1550.11
1550.12
1550.13
1550.14
1550.15
1550.16
1550.17
1550.18
1550.19
1550.2
1550.21
1550.22
1550.23
1550.24
1550.25
1550.26
1550.27
1550.28
1550.29
1550.3
1550.31
1550.32
1550.33
1550.34
1550.35
1550.36
1550.37
1550.38
1550.39
1550.4
1550.41
1550.42
1550.43
1550.44
1550.45
1550.46
1550.47
1550.48
1550.49
1550.5
1550.51
1550.52
1550.53
1550.54
1550.55
1550.56
1550.57
1550.58
1550.59
1550.6
1550.61
1550.62
1550.63
1550.64
1550.65
1550.66
1550.67
1550.68
1550.69
1550.7
1550.71
1550.72
1550.73
1550.74
1550.75
1550.76
1550.77
1550.78
1550.79
1550.8
1550.81
1550.82
1550.83
1550.84
1550.85
1550.86
1550.87
1550.88
1550.89
1550.9
1550.91
1550.92
1550.93
1550.94
1550.95
1550.96
1550.97
1550.98
1550.99
1551
1551.01
1551.02
1551.03
1551.04
1551.05
1551.06
1551.07
1551.08
1551.09
1551.1
1551.11
1551.12
1551.13
1551.14
1551.15
1551.16
1551.17
1551.18
1551.19
1551.2
1551.21
1551.22
1551.23
1551.24
1551.25
1551.26
1551.27
1551.28
1551.29
1551.3
1551.31
1551.32
1551.33
1551.34
1551.35
1551.36
1551.37
1551.38
1551.39
1551.4
1551.41
1551.42
1551.43
1551.44
1551.45
1551.46
1551.47
1551.48
1551.49
1551.5
1551.51
1551.52
1551.53
1551.54
1551.55
1551.56
1551.57
1551.58
1551.59
1551.6
1551.61
1551.62
1551.63
1551.64
1551.65
1551.66
1551.67
1551.68
1551.69
1551.7
1551.71
1551.72
1551.73
1551.74
1551.75
1551.76
1551.77
1551.78
1551.79
1551.8
1551.81
1551.82
1551.83
1551.84
1551.85
1551.86
1551.87
1551.88
1551.89
1551.9
1551.91
1551.92
1551.93
1551.94
1551.95
1551.96
1551.97
1551.98
1551.99
1552
1552.01
1552.02
1552.03
1552.04
1552.05
1552.06
1552.07
1552.08
1552.09
1552.1
1552.11
1552.12
1552.13
1552.14
1552.15
1552.16
1552.17
1552.18
1552.19
1552.2
1552.21
1552.22
1552.23
1552.24
1552.25
1552.26
1552.27
1552.28
1552.29
1552.3
1552.31
1552.32
1552.33
1552.34
1552.35
1552.36
1552.37
1552.38
1552.39
1552.4
1552.41
1552.42
1552.43
1552.44
1552.45
1552.46
1552.47
1552.48
1552.49
1552.5
1552.51
1552.52
1552.53
1552.54
1552.55
1552.56
1552.57
1552.58
1552.59
1552.6
1552.61
1552.62
1552.63
1552.64
1552.65
1552.66
1552.67
1552.68
1552.69
1552.7
1552.71
1552.72
1552.73
1552.74
1552.75
1552.76
1552.77
1552.78
1552.79
1552.8
1552.81
1552.82
1552.83
1552.84
1552.85
1552.86
1552.87
1552.88
1552.89
1552.9
1552.91
1552.92
1552.93
1552.94
1552.95
1552.96
1552.97
1552.98
1552.99
1553
1553.01
1553.02
1553.03
1553.04
1553.05
1553.06
1553.07
1553.08
1553.09
1553.1
1553.11
1553.12
1553.13
1553.14
1553.15
1553.16
1553.17
1553.18
1553.19
1553.2
1553.21
1553.22
1553.23
1553.24
1553.25
1553.26
1553.27
1553.28
1553.29
1553.3
1553.31
1553.32
1553.33
1553.34
1553.35
1553.36
1553.37
1553.38
1553.39
1553.4
1553.41
1553.42
1553.43
1553.44
1553.45
1553.46
1553.47
1553.48
1553.49
1553.5
1553.51
1553.52
1553.53
1553.54
1553.55
1553.56
1553.57
1553.58
1553.59
1553.6
1553.61
1553.62
1553.63
1553.64
1553.65
1553.66
1553.67
1553.68
1553.69
1553.7
1553.71
1553.72
1553.73
1553.74
1553.75
1553.76
1553.77
1553.78
1553.79
1553.8
1553.81
1553.82
1553.83
1553.84
1553.85
1553.86
1553.87
1553.88
1553.89
1553.9
1553.91
1553.92
1553.93
1553.94
1553.95
1553.96
1553.97
1553.98
1553.99
1554
1554.01
1554.02
1554.03
1554.04
1554.05
1554.06
1554.07
1554.08
1554.09
1554.1
1554.11
1554.12
1554.13
1554.14
1554.15
1554.16
1554.17
1554.18
1554.19
1554.2
1554.21
1554.22
1554.23
1554.24
1554.25
1554.26
1554.27
1554.28
1554.29
1554.3
1554.31
1554.32
1554.33
1554.34
1554.35
1554.36
1554.37
1554.38
1554.39
1554.4
1554.41
1554.42
1554.43
1554.44
1554.45
1554.46
1554.47
1554.48
1554.49
1554.5
1554.51
1554.52
1554.53
1554.54
1554.55
1554.56
1554.57
1554.58
1554.59
1554.6
1554.61
1554.62
1554.63
1554.64
1554.65
1554.66
1554.67
1554.68
1554.69
1554.7
1554.71
1554.72
1554.73
1554.74
1554.75
1554.76
1554.77
1554.78
1554.79
1554.8
1554.81
1554.82
1554.83
1554.84
1554.85
1554.86
1554.87
1554.88
1554.89
1554.9
1554.91
1554.92
1554.93
1554.94
1554.95
1554.96
1554.97
1554.98
1554.99
1555
